Matriz de utilidad con predicciones:
[ 4.047 2.489 2.471 3.866 4.873 2.423 4.344 3.775 0.869 0.224 1.706 2.68 2.62 3.046 3.984 4.255 2.096 3.544 3.827 2.215 0.206 2.721 0.174 4.524 3.38 0.014 2.537 0.425 3.647 0.968 3.105 2.32 2.388 4.421 1.318 4.475 0.588 4.628 1.242 4.876 3.477 0.908 1.337 3.078 4.787 2.501 4.077 4.799 4.506 1.234 4.291 4.339 2.749 2.439 2.854 0.237 3.679 4.557 4.473 0.203 2.212 0.676 2.039 4.394 1.386 3.081 3.555 3.257 2.444 3.575 0.761 0.438 4.175 3.816 3.743 1.479 1.467 1.597 4.786 2.608 1.351 3.611 4.305 1.621 1.861 1.296 1.531 2.515 3.077 4.704 0.332 2.808 4.943 0.573 3.182 1.929 3.946 2.793 3.597 3.586 ]
[ 2.072 0.56 3.448 1.698 2.055 3.245 1.559 1.307 4.985 1.01 3.011 2.485 2.638 0.98 4.412 4.503 4.339 3.828 2.61 0.396 2.008 2.63 1.95 2.111 4.719 2.557 2.88 3.298 1.701 2.508 2.651 1.607 1.298 1.021 4.279 0.831 1.367 3.727 1.883 0.533 2.185 1.304 4.087 0.968 0.491 4.502 0.642 4.099 4.03 1.608 2.565 3.55 1.491 0.472 4.66 4.751 1.706 0.575 0.151 1.357 4.422 0.029 4.745 4.967 4.43 4.013 1.448 1.351 2.715 2.598 3.595 0.424 2.014 2.55 4.564 2.155 0.379 0.122 0.317 2.759 1.205 1.855 1.967 2.144 2.039 4.621 3.605 1.983 4.068 4.23 0.656 2.618 2.76 3.4 4.122 4.719 0.943 0.222 4.327 0.366 ]
[ 4.189 2.362 0.616 1.57 4.127 2.83 2.06 1.186 2.036 1.664 1.291 4.866 3.789 4.433 1.396 4.423 2.46 1.494 0.707 1.087 2.264 2.518 1.88 3.18 2.321 2.64 3.79 3.104 2.908 2.676 4.785 1.262 3.172 2.052 0.411 4.025 2.49 1.612 0.77 2.048 3.14 3.677 0.123 3.156 0.818 1.672 1.177 3.388 1.804 3.768 1.507 1.111 2.638 2.22 0.508 0.448 3.787 3.278 3.909 1.919 1.995 4.079 2.699 2.666 2.2 0.922 4.22 4.635 3.869 4.193 4.588 2.773 4.823 1.203 2.022 0.291 2.905 0.174 3.868 1.518 2.783 4.02 4.086 0.706 3.008 1.389 3.807 3.109 2.026 0.876 3.682 2.838 1.763 2.403 2.175 2.67 1.859 0.27 4.582 4.702 ]
[ 1.245 4.7 3.764 4.689 3.549 2.914 1.498 3.882 2.296 1.271 0.511 1.446 3.25 1.809 3.999 1.937 3.357 0.029 2.996 0.927 2.795 4.071 4.849 2.457 2.853 2.07 2.842 3.624 0.426 3.47 1.027 1.105 3.973 2.054 4.914 4.691 0.386 2.905 0.633 1.218 1.702 2.96 1.696 3.444 0.343 2.131 4.667 2.261 1.177 2.826 2.088 1.864 3.429 1.855 0.639 4.246 2.985 0.257 0.147 0.643 0.266 1.225 3.498 1.001 2.615 2.946 2.605 2.615 4.402 4.078 3.553 3.67 3.444 2.701 4.81 2.355 4.81 2.537 4.358 3.705 1.623 2.073 1.845 3.883 0.476 4.293 1.95 4.435 2.98 2.817 2.003 3.823 1.92 0.494 2.336 4.866 4.403 2.764 0.596 2.619 ]
[ 2.572 2.869 2.859 0.738 1.443 0.677 4.267 2.715 2.882 4.608 4.424 2.73 1.953 1.339 4.552 2.16 3.525 0.746 1.84 0.604 4.948 1.143 4.028 2.894 2.637 4.637 2.477 2.116 0.737 1.892 3.201 2.168 3.221 2.924 3.91 0.628 0.27 2.476 2.47 0.143 1.25 3.965 2.465 3.867 4.174 3.366 3.394 0.699 2.966 3.393 0.294 3.59 0.053 3.159 0.021 0.015 3.378 2.93 1.243 4.576 3.593 1.976 4.687 3.561 1.488 3.779 4.056 0.983 2.412 0.177 2.703 0.92 1.852 1.239 0.839 0.344 4.897 0.954 0.799 4.844 1.314 2.696 2.561 3.662 0.578 3.183 3.505 1.548 3.553 3.71 3.054 2.63 3.081 3.902 4.941 4.803 2.544 0.402 1.099 0.19 ]
[ 1.581 2.161 4.276 0.861 4.606 0.754 4.871 2.281 1.68 4.683 4.458 1.955 1.356 3.153 2.051 0.283 2.96 3.022 3.907 3.394 2.24 2.229 3.329 4.864 2.192 0.3 2.82 1.494 0.387 4.93 2.388 1.868 4.673 4.137 4.73 2.484 4.122 1.983 2.949 3.031 4.344 1.198 0.845 2.544 3.733 0.101 3.156 0.453 0.028 0.5 1.572 3.34 3.252 3.34 2.691 2.139 4.253 3.606 2.266 2.437 4.414 4.237 2.618 4.968 4.143 2.74 3.038 2.59 3.047 3.256 2.882 1.553 1.526 2.143 1.247 3.004 3.283 4.655 0.435 4.397 3.131 2.159 3.76 0.507 0.091 3.372 0.419 4.835 2.942 1.707 2.85 4.107 3.928 0.707 0.632 3.847 3.65 2.416 1.943 2.484 ]
[ 2.623 1.768 0.985 4.322 1.02 2.576 3.265 3.909 2.789 1.74 1.672 3.412 2.787 4.231 4.426 0.998 2.208 0.983 3.463 1.795 3.766 4.094 1.015 0.716 3.05 2.996 1.241 3.994 4.825 0.62 2.33 4.898 2.444 0.013 4.628 1.686 4.608 2.411 0.317 2.377 4.456 3.731 0.218 3.825 4.632 4.262 4.575 1.303 3.808 2.872 2.037 2.849 4.881 3.447 0.934 3.883 1.156 0.233 2.214 4.247 3.967 1.422 3.89 3.875 2.957 1.49 0.556 4.252 1.275 1.623 2.254 3.092 4.62 0.244 1.941 4.586 1.31 0.121 1.198 2.324 4.788 2.915 2.277 4.761 3.077 4.565 3.59 0.461 3.385 0.648 0.585 0.637 3.52 1.339 0.16 2.399 4.004 0.983 0.381 0.988 ]
[ 2.962 1.233 1.947 3.84 1.026 0.163 4.449 4.682 3.46 2.46 4.202 0.61 2.247 1.59 4.937 2.283 4.192 3.766 4.035 1.777 2.572 0.721 1.753 0.863 4.577 0.237 1.428 1.312 4.357 2.246 1.117 1.095 4.014 2.047 1.062 2.078 4.15 3.204 4.179 0.554 1.819 3.294 4.919 1.906 1.422 1.141 0.132 3.547 3.125 1.062 1.333 3.8 0.484 2.834 2.302 0.928 1.041 2.647 4.044 3.834 1.478 0.221 3.42 4.651 3.487 0.852 1.531 3.394 3.71 0.327 3.06 3.643 2.153 4.927 4.644 3.768 0.944 3.938 1.176 1.821 4.836 2.953 3.62 2.911 4.419 4.425 1.263 1.016 4.798 0.397 3.747 2.892 1.821 2.503 4.27 2.276 1.66 0.52 2.087 0.396 ]
[ 0.932 1.903 4.705 3.09 3.106 0.238 3.492 3.522 3.606 3.713 0.053 4.587 1.64 0.259 0.95 0.478 0.538 1.453 2.245 1.106 1.622 1.745 3.34 2.557 4.071 1.455 4.37 0.912 2.66 4.636 1.439 3.566 1.466 2.084 1.873 1.524 2.951 3.003 0.139 0.03 0.238 1.233 2.318 2.534 1.4 4.401 2.799 2.279 3.144 4.2 2.899 0.739 3.086 3.702 2.52 1.701 2.305 0.964 0.395 1.782 2.612 1.837 3.834 0.664 3.3 4.886 1.342 1.901 2.375 4.026 4.076 1.824 0.458 3.936 4.863 2.869 2.045 1.371 2.35 1.718 3.09 4.62 4.974 1.155 4.387 1.695 3.372 3.092 3.244 0.685 2.308 3.646 4.392 2.938 3.408 2.261 2.357 1.178 1.112 1.336 ]
[ 0.905 2.366 0.219 4.496 0.224 2.214 3.987 2.834 1.039 1.769 2.189 1.714 0.088 0.424 0.383 1.577 3.432 2.425 2.099 3.339 4.549 1.171 2.149 0.852 2.452 1.224 3.205 0.747 0.181 0.964 2.455 1.728 1.363 4.228 0.504 1.792 4.442 1.664 3.199 4.53 1.451 0.023 4.757 2.881 0.361 1.397 3.394 3.537 3.918 1.61 0.132 3.331 0.864 3.193 2.261 1.914 4.454 1.199 2.348 2.259 4.618 1.92 1.272 1.964 2.623 2.33 5.0 3.199 4.229 2.78 3.11 3.279 2.869 2.89 3.954 1.731 1.561 0.737 2.739 2.771 3.6 2.506 4.144 1.078 4.157 2.984 2.379 4.429 3.612 3.148 0.456 4.207 2.958 0.968 4.727 0.988 4.855 4.884 2.97 2.429 ]
[ 1.214 2.427 0.521 1.242 3.846 1.547 1.553 3.287 4.848 0.831 4.52 2.608 2.775 0.437 0.099 3.996 0.689 3.784 4.718 4.218 4.413 4.644 4.451 2.986 1.126 0.335 4.507 2.245 3.539 3.657 3.42 3.225 0.805 4.86 2.679 2.063 0.093 1.432 4.855 3.695 1.477 1.344 3.274 4.382 1.418 4.545 0.784 2.914 2.667 1.167 0.098 4.428 4.697 0.344 2.647 2.623 0.499 0.167 2.931 1.537 1.298 1.722 2.707 4.443 1.856 2.043 1.229 1.769 2.728 0.634 1.022 4.424 1.103 3.242 0.254 4.195 1.564 1.007 2.562 3.069 4.913 1.616 1.473 4.751 3.916 2.23 3.414 0.007 2.338 1.574 3.68 2.719 1.777 3.514 1.413 0.12 0.099 0.899 3.454 0.543 ]
[ 1.367 4.95 2.092 1.964 3.341 2.55 0.164 3.801 0.126 4.565 1.877 3.136 2.013 0.891 0.479 2.498 4.079 3.331 2.044 3.12 1.695 3.604 2.415 0.923 2.531 2.048 2.37 1.711 2.28 3.885 3.865 1.345 2.845 0.576 1.786 3.203 4.865 1.721 1.16 3.38 0.273 4.413 2.807 3.631 2.035 0.051 2.049 0.583 1.076 4.722 0.325 1.817 1.709 4.86 4.466 4.454 4.851 0.208 4.548 1.372 4.933 0.512 2.11 1.351 4.315 1.284 3.735 2.572 3.579 0.542 1.729 3.903 4.83 2.439 2.137 1.071 1.86 3.622 2.871 0.64 1.123 2.1 1.791 2.189 0.786 3.813 0.32 2.912 0.583 4.083 4.258 3.864 2.31 4.894 2.822 2.255 4.746 3.569 2.309 3.757 ]
[ 4.726 2.341 4.053 1.3 4.738 4.377 3.366 2.099 4.942 2.084 3.239 1.783 4.64 4.47 3.702 2.666 3.732 1.561 2.334 3.327 1.027 1.058 0.974 2.871 4.28 0.87 2.622 3.757 0.237 1.178 1.233 3.48 3.408 4.372 2.646 2.714 2.274 2.229 1.674 2.313 3.616 4.769 1.38 1.51 2.06 0.548 1.927 0.833 3.311 2.101 2.019 2.824 2.63 4.702 3.82 1.702 3.492 2.144 4.434 2.628 0.409 2.387 0.191 3.918 1.395 1.466 1.473 1.43 3.776 2.432 3.36 3.542 4.529 4.075 2.363 4.907 4.137 1.7 1.771 3.4 1.616 3.281 0.359 4.09 0.9 3.43 2.83 1.753 4.871 3.598 0.671 0.804 4.907 2.65 1.563 0.962 4.152 0.25 3.673 1.723 ]
[ 2.847 2.443 1.772 0.794 1.727 2.56 1.688 2.512 1.263 3.449 0.714 0.394 4.973 1.595 1.05 4.512 1.683 1.68 1.944 3.348 2.588 0.805 3.412 0.614 2.939 0.198 1.294 3.036 3.576 0.602 2.701 2.029 2.447 3.803 4.547 3.341 4.686 0.687 4.891 2.82 0.435 3.496 2.934 3.854 2.555 1.658 1.569 3.157 3.041 2.973 1.639 2.076 3.619 4.347 0.72 1.172 4.167 4.831 2.201 3.452 4.142 0.664 1.85 2.693 4.784 1.576 0.416 0.28 2.447 4.002 4.14 1.53 4.898 0.577 4.103 1.749 4.011 1.597 2.208 3.391 2.037 0.674 3.645 3.668 2.311 4.76 3.038 4.636 4.744 2.71 2.651 0.044 3.64 4.75 4.227 4.807 2.333 3.581 3.15 1.6 ]
[ 3.049 1.836 2.312 2.091 3.813 1.551 0.657 4.39 0.561 3.878 3.599 2.902 4.535 3.583 0.927 2.537 3.084 0.645 0.729 0.459 0.894 4.674 0.709 1.881 0.376 1.931 3.979 4.274 3.233 4.329 0.727 0.629 3.372 4.174 3.373 0.339 1.528 0.158 0.61 0.9 3.18 2.571 2.122 4.29 2.75 3.678 4.607 4.961 0.067 1.579 2.567 3.738 2.126 1.739 1.768 1.875 2.433 2.063 3.526 3.579 0.492 3.307 1.624 3.339 0.574 2.477 4.721 0.802 3.134 0.755 1.843 4.552 0.304 3.816 0.72 4.959 0.032 1.333 0.064 0.099 3.207 0.407 0.583 2.999 1.35 4.791 1.756 3.477 4.739 4.636 1.31 4.558 0.629 1.553 4.393 0.952 4.419 3.767 2.83 0.126 ]
[ 1.133 4.818 4.041 3.773 2.388 3.637 2.507 4.278 1.892 2.538 1.242 2.483 1.463 1.929 4.742 0.337 1.973 3.769 4.084 1.29 4.76 2.585 2.419 4.542 1.188 1.109 3.962 2.664 1.367 1.982 0.229 4.677 0.758 2.953 2.867 2.404 3.864 3.087 1.99 1.904 1.024 0.608 3.838 2.932 0.376 0.661 4.831 1.31 2.259 2.2 1.246 4.488 1.633 2.456 4.008 2.568 0.632 3.497 4.919 4.712 4.058 3.956 1.325 4.734 1.894 2.658 0.841 1.839 3.615 3.389 4.031 4.114 4.803 1.955 3.466 1.962 2.266 4.87 0.467 0.827 1.4 3.073 0.103 1.677 3.857 3.152 4.892 0.83 3.057 0.087 3.066 4.056 3.703 1.961 0.934 3.802 2.22 1.689 1.132 4.816 ]
[ 0.079 1.73 1.043 4.591 4.912 1.889 3.751 3.793 1.725 3.116 4.556 2.552 0.648 1.253 1.916 4.721 4.002 4.233 4.914 1.17 1.699 0.641 4.679 0.045 1.846 1.466 2.359 2.433 4.104 4.413 2.401 2.949 1.789 2.387 2.411 1.144 3.311 0.473 4.554 1.288 3.379 0.727 2.863 3.797 2.815 2.22 2.293 3.328 1.174 0.754 4.39 2.172 3.998 3.732 2.521 2.966 2.31 4.869 3.758 3.379 0.629 1.944 4.653 4.691 2.946 3.795 1.072 2.213 3.408 0.646 2.692 3.906 4.143 2.092 1.735 4.651 0.704 3.478 3.184 1.86 4.513 0.046 4.97 0.737 1.575 1.43 1.738 4.489 3.273 4.786 4.7 2.571 2.5 2.18 4.297 4.383 4.702 1.772 3.185 3.131 ]
[ 2.644 0.1 3.041 0.827 1.608 4.208 1.398 1.698 3.99 3.819 2.364 2.446 1.932 0.491 3.469 2.079 2.366 1.689 4.195 2.583 0.219 3.967 4.276 0.548 4.261 4.861 1.714 0.512 3.847 3.522 4.58 0.835 1.285 1.872 3.13 0.372 4.734 1.667 0.832 1.038 1.872 3.376 0.626 3.97 1.913 4.688 0.261 0.044 4.367 3.85 2.563 2.771 2.612 2.943 2.959 1.575 3.139 1.882 0.226 0.684 0.76 2.404 3.052 2.643 2.756 3.688 3.86 3.718 0.937 0.846 2.819 4.004 0.324 1.065 1.926 2.467 2.323 0.851 4.508 0.643 4.45 4.222 2.263 2.574 0.697 4.462 4.53 4.545 1.597 3.218 4.767 0.975 3.463 1.756 0.791 3.93 0.383 3.707 0.892 4.99 ]
[ 2.279 3.392 3.717 0.744 4.742 2.693 1.746 4.472 1.418 1.582 0.945 1.137 3.101 3.922 2.24 3.488 1.908 4.416 4.548 2.446 0.842 0.088 1.34 2.737 0.861 0.797 4.062 4.102 0.404 2.83 2.45 3.617 4.704 3.085 0.203 1.336 0.415 4.405 2.18 0.0 3.786 0.057 1.341 0.495 0.19 4.13 0.509 4.469 1.791 2.967 3.732 4.634 3.217 0.809 0.757 0.225 4.496 2.226 3.327 4.164 0.543 4.958 1.079 2.225 0.786 1.771 1.761 0.274 2.813 0.369 4.266 0.181 2.263 1.981 1.179 2.834 0.976 4.851 0.418 4.871 3.027 0.457 2.416 2.344 1.574 1.478 1.567 3.381 4.896 3.689 3.83 1.825 4.826 4.559 3.427 1.17 2.294 4.012 1.294 0.498 ]
[ 2.101 0.056 2.358 1.668 0.977 2.256 3.52 2.753 1.663 1.401 3.711 4.471 4.208 2.909 1.844 0.682 4.63 4.86 1.66 2.78 0.658 3.753 0.508 2.69 1.484 2.05 0.75 2.21 4.539 1.81 4.411 3.959 0.811 0.384 2.323 1.774 4.344 4.521 2.138 2.725 2.404 0.764 0.828 2.857 3.443 3.972 2.558 1.615 2.149 3.402 4.527 0.812 2.541 3.374 4.141 0.559 3.033 2.307 0.482 4.881 4.822 2.811 1.313 2.417 4.39 3.107 3.16 0.929 2.42 1.013 4.331 1.365 0.51 3.293 0.725 3.451 4.396 2.104 1.893 1.497 0.897 1.301 4.921 4.922 2.246 1.251 3.336 2.327 3.207 3.295 2.928 4.777 1.149 4.451 4.661 3.662 3.742 1.023 1.476 3.077 ]
[ 0.606 4.416 4.011 4.191 1.771 3.054 2.9 3.109 1.916 1.501 3.2 0.281 2.805 1.082 0.411 0.523 1.149 2.494 1.021 4.812 2.455 3.699 0.963 4.802 4.975 0.802 2.313 0.87 0.658 0.11 2.026 3.086 0.961 2.708 2.333 4.311 2.522 0.478 3.428 3.439 0.779 0.685 2.884 4.128 1.66 3.534 0.905 1.173 1.323 2.237 4.693 0.844 1.694 2.207 3.02 2.148 2.457 3.271 0.851 3.1 2.698 4.171 3.359 0.696 4.525 3.215 4.968 2.624 3.28 1.663 0.226 1.145 1.569 2.41 0.952 1.4 1.431 1.194 2.951 1.754 1.681 1.659 4.736 2.608 1.408 1.703 3.451 3.007 1.147 1.194 1.223 2.61 3.796 0.83 3.524 4.823 4.137 0.37 2.466 2.923 ]
[ 1.762 0.645 4.043 0.159 2.672 2.167 0.867 2.483 3.348 4.589 2.149 0.58 3.333 3.875 2.608 3.862 1.453 3.553 0.634 0.002 4.786 2.316 2.652 0.624 3.706 1.564 3.871 4.817 4.252 4.195 1.011 0.342 4.329 0.143 1.518 1.405 4.022 0.053 2.378 1.573 2.185 0.423 0.863 2.09 3.082 0.404 3.029 3.037 0.108 0.342 4.269 3.476 3.126 0.849 3.983 0.155 2.992 2.334 2.522 3.641 2.718 1.796 4.883 4.854 4.447 0.223 3.372 3.552 3.645 1.942 2.477 0.047 0.348 0.68 3.185 3.863 2.375 4.794 3.242 1.116 4.201 1.006 1.616 2.273 1.648 1.901 4.778 0.435 0.876 3.583 4.525 4.578 3.965 3.743 0.218 4.227 1.091 1.482 4.235 0.09 ]
[ 4.939 0.653 0.54 2.016 2.717 2.303 4.557 0.448 2.079 1.627 3.859 4.894 1.652 2.6 2.853 2.817 2.063 4.494 1.139 3.276 0.079 0.609 0.297 0.487 2.893 3.579 3.452 2.27 0.061 4.233 4.698 0.239 1.963 0.016 2.74 3.359 4.058 2.275 0.935 0.534 2.952 1.625 4.345 3.122 1.294 3.138 4.653 3.525 1.483 1.534 2.504 0.311 3.967 0.514 1.893 4.907 0.473 1.372 4.947 3.684 1.12 1.078 1.83 2.782 2.011 3.515 1.351 3.892 3.653 3.766 1.705 2.539 4.417 2.724 2.38 4.353 4.554 1.07 0.678 4.395 2.008 4.763 2.542 0.831 3.74 2.343 2.66 3.617 3.542 3.162 1.135 2.556 4.812 2.699 4.788 2.471 0.994 2.893 1.52 4.893 ]
[ 3.677 0.635 0.456 3.328 0.125 2.257 3.69 2.156 1.629 2.988 2.369 0.173 1.869 3.189 3.886 1.409 1.033 1.691 3.245 2.732 1.039 1.415 0.064 1.356 4.254 1.283 1.4 1.825 4.23 3.448 1.428 1.861 1.132 4.996 3.118 0.853 1.112 0.895 4.566 4.634 2.293 3.37 2.485 0.749 3.72 0.081 1.073 4.543 4.224 4.247 0.694 4.63 2.091 4.787 3.142 4.056 2.832 4.376 3.076 1.913 4.454 2.83 1.8 1.682 4.914 3.548 2.475 2.989 0.992 3.855 2.975 4.008 0.644 4.695 3.21 0.401 3.828 0.322 1.558 1.457 4.08 1.734 0.539 2.367 2.509 0.518 0.216 3.925 4.112 1.711 4.651 1.379 4.988 0.537 2.951 4.748 2.03 1.408 2.987 3.623 ]
[ 1.948 4.438 3.151 4.919 1.542 2.556 3.883 4.077 2.778 0.793 4.633 2.223 3.485 2.655 0.887 3.19 3.098 2.932 0.83 3.067 0.944 1.156 3.074 4.194 3.602 4.874 0.89 0.117 1.829 1.39 4.509 4.034 1.796 1.934 0.86 1.416 0.658 4.376 3.596 0.911 3.965 3.472 4.41 3.498 0.6 3.637 2.156 4.331 2.94 4.99 1.321 1.546 2.836 0.257 3.262 4.152 2.628 4.801 3.536 2.318 2.175 1.099 4.077 0.867 1.525 3.13 4.468 1.15 1.164 2.265 2.476 3.382 2.987 1.005 0.531 3.079 3.85 4.443 2.136 1.319 1.208 2.099 4.556 3.342 2.009 0.065 4.028 4.503 1.69 2.764 3.836 2.582 3.775 3.634 4.844 3.911 2.773 0.497 3.22 2.301 ]

Matriz de similitudes:
[0, 0.04642299432599737, 0.05295525327723635, 0.04746490533329041, 0.04371169809287493, 0.049150279923795476, 0.04468882516403164, 0.04671521158136799, 0.04807852578088182, 0.052040938126666936, 0.04378950375919634, 0.044567864137451535, 0.05424565302861978, 0.04736935619939084, 0.04545711065938281, 0.04639261105836015, 0.04945016254066395, 0.04333331579240338, 0.04833340415416927, 0.04812196801998826, 0.051651669327174805, 0.042540320560524314, 0.0484065433048965, 0.04939066763032645, 0.048709956101116086]
[0.04642299432599737, 0, 0.04563330195649178, 0.050015525710489395, 0.052156431526050845, 0.045104678380396064, 0.047252718666319894, 0.05243591734544126, 0.05334012149786615, 0.04738171098608929, 0.048531481497098274, 0.044326921135427466, 0.049655719036338995, 0.04993428180977691, 0.04522238353439514, 0.04642508262172747, 0.04792513402269788, 0.04950985967463439, 0.04578529061043665, 0.05038770021405048, 0.047876415206852097, 0.04931589255764625, 0.050509499737538946, 0.04719723494524064, 0.04889167705006039]
[0.05295525327723635, 0.04563330195649178, 0, 0.05079467704203137, 0.04857512110769703, 0.04850922592732987, 0.04709604912872362, 0.0457773276725407, 0.05133433214398835, 0.050284271601426074, 0.04609109883773786, 0.051895630224008, 0.05311456271565031, 0.0521981806512309, 0.0467364196764599, 0.04769906444799604, 0.04791596081701018, 0.05086854671431658, 0.04721169360188325, 0.049928760090664825, 0.050801806560326936, 0.049402347197259874, 0.05384652008631087, 0.048241212362205486, 0.05259880575038221]
[0.04746490533329041, 0.050015525710489395, 0.05079467704203137, 0, 0.05069032438380009, 0.051126464237604315, 0.04861369051165985, 0.04502476844672831, 0.05480137368622917, 0.050134349801127104, 0.04385806994789421, 0.05228741977241294, 0.052049150979406045, 0.0512434192919822, 0.04911601760237314, 0.05092561480626829, 0.04792755024141443, 0.0489034941786998, 0.04587984284943629, 0.04506005255236705, 0.052246430919590435, 0.045190935332526126, 0.047741488834032536, 0.04486290377136971, 0.048459917737811345]
[0.04371169809287493, 0.052156431526050845, 0.04857512110769703, 0.05069032438380009, 0, 0.05182321079724749, 0.048435345365513936, 0.04957073471058652, 0.05197511166082712, 0.04763112814149159, 0.045644914927630655, 0.046735422155464924, 0.050858048984903106, 0.05427439010588554, 0.047509126304449076, 0.04715254297245684, 0.04708066201766281, 0.049743681638638196, 0.04729536094086038, 0.05186331787067661, 0.049765294054370954, 0.04695808620045154, 0.045891725960219974, 0.04739936627459372, 0.052559830223133645]
[0.049150279923795476, 0.045104678380396064, 0.04850922592732987, 0.051126464237604315, 0.05182321079724749, 0, 0.044925958839435426, 0.047878758060720186, 0.050711887323117454, 0.049919454196928184, 0.04586725053484797, 0.05064558100450184, 0.052750031947084185, 0.04979288009492299, 0.0477333714698456, 0.05247647663871132, 0.05444904448720318, 0.047551963104039065, 0.05016567097602754, 0.050866809252033254, 0.05290715905912322, 0.05164418762242918, 0.04796509105578678, 0.050419266160650955, 0.045950472944384764]
[0.04468882516403164, 0.047252718666319894, 0.04709604912872362, 0.04861369051165985, 0.048435345365513936, 0.044925958839435426, 0, 0.04874988724055889, 0.04889892500050052, 0.04474239170458252, 0.04643147157544673, 0.04472630055434207, 0.05146628917210803, 0.04804610795512242, 0.04619025242650482, 0.04956223190912972, 0.045637744651814735, 0.048885769664132335, 0.04142225376182572, 0.0508130385386527, 0.046559556035296955, 0.04491012478132449, 0.0474316071114914, 0.04578898966492984, 0.043803487240358006]
[0.04671521158136799, 0.05243591734544126, 0.0457773276725407, 0.04502476844672831, 0.04957073471058652, 0.047878758060720186, 0.04874988724055889, 0, 0.05047477547347687, 0.05279518945623437, 0.0497050130763488, 0.046740420800253805, 0.051807976004516275, 0.05114595056591247, 0.04630445730562394, 0.05092696914819957, 0.05458200017289185, 0.04547876763789664, 0.04672869446636643, 0.04822197837713924, 0.04640047665909351, 0.04932859083635964, 0.047511611645486104, 0.051852930667211465, 0.047843787245972706]
[0.04807852578088182, 0.05334012149786615, 0.05133433214398835, 0.05480137368622917, 0.05197511166082712, 0.050711887323117454, 0.04889892500050052, 0.05047477547347687, 0, 0.05366848938263669, 0.04715042711349737, 0.04863044367351765, 0.04689236321624277, 0.0500678062132015, 0.04583660105879366, 0.05157329221721562, 0.04918574313926728, 0.05361593948685453, 0.047901306885030984, 0.054517800346839965, 0.054704750098367776, 0.04732976642032387, 0.05114594577174497, 0.0487473789060151, 0.050967831425236254]
[0.052040938126666936, 0.04738171098608929, 0.050284271601426074, 0.050134349801127104, 0.04763112814149159, 0.049919454196928184, 0.04474239170458252, 0.05279518945623437, 0.05366848938263669, 0, 0.046344225377111165, 0.05384801266867098, 0.047030870348457265, 0.052896916555520264, 0.04701819266545074, 0.05070400502086051, 0.050348864641479356, 0.0453978583008875, 0.04485653560836568, 0.048500728466403874, 0.05568119357879994, 0.04279185395469838, 0.05036547598912215, 0.05204374301327183, 0.048900578483777095]
[0.04378950375919634, 0.048531481497098274, 0.04609109883773786, 0.04385806994789421, 0.045644914927630655, 0.04586725053484797, 0.04643147157544673, 0.0497050130763488, 0.04715042711349737, 0.046344225377111165, 0, 0.043825955153930285, 0.04693277306350004, 0.0452534211933949, 0.04791294407060953, 0.04692941935454614, 0.04942168483448515, 0.04657730142569352, 0.04635726663827159, 0.04523684860151646, 0.0468499550240708, 0.04594898252723378, 0.0439534727149173, 0.04412982344077013, 0.04637460154716894]
[0.044567864137451535, 0.044326921135427466, 0.051895630224008, 0.05228741977241294, 0.046735422155464924, 0.05064558100450184, 0.04472630055434207, 0.046740420800253805, 0.04863044367351765, 0.05384801266867098, 0.043825955153930285, 0, 0.04918356378109257, 0.05205003940816943, 0.047247411054558465, 0.049277956423045506, 0.050351292788003876, 0.050080023087619316, 0.04309711188729498, 0.050665174576889134, 0.04981757451298268, 0.04672169626486235, 0.047142639755030274, 0.046351745346309335, 0.04918136751446676]
[0.05424565302861978, 0.049655719036338995, 0.05311456271565031, 0.052049150979406045, 0.050858048984903106, 0.052750031947084185, 0.05146628917210803, 0.051807976004516275, 0.04689236321624277, 0.047030870348457265, 0.04693277306350004, 0.04918356378109257, 0, 0.05327209717551169, 0.05024775045024548, 0.051617457463444795, 0.04622989720731139, 0.04709230719474655, 0.05235849451924511, 0.04825457900471389, 0.04888707598382323, 0.045862142896079316, 0.0519911677003813, 0.05026644334344535, 0.049577657847127775]
[0.04736935619939084, 0.04993428180977691, 0.0521981806512309, 0.0512434192919822, 0.05427439010588554, 0.04979288009492299, 0.04804610795512242, 0.05114595056591247, 0.0500678062132015, 0.052896916555520264, 0.0452534211933949, 0.05205003940816943, 0.05327209717551169, 0, 0.044752291383631036, 0.04755540116444108, 0.05157832652465602, 0.04791755038628244, 0.04862091068714681, 0.05159665477748607, 0.050587498476426816, 0.04766370698940979, 0.04734006537748373, 0.053555152123724324, 0.04860617679783356]
[0.04545711065938281, 0.04522238353439514, 0.0467364196764599, 0.04911601760237314, 0.047509126304449076, 0.0477333714698456, 0.04619025242650482, 0.04630445730562394, 0.04583660105879366, 0.04701819266545074, 0.04791294407060953, 0.047247411054558465, 0.05024775045024548, 0.044752291383631036, 0, 0.04389392305593037, 0.04978380897914069, 0.04397073960532064, 0.05006781129999232, 0.04786011747124936, 0.04517789688655696, 0.04764538688359474, 0.04552015806111699, 0.04363414704074565, 0.044111502280287276]
[0.04639261105836015, 0.04642508262172747, 0.04769906444799604, 0.05092561480626829, 0.04715254297245684, 0.05247647663871132, 0.04956223190912972, 0.05092696914819957, 0.05157329221721562, 0.05070400502086051, 0.04692941935454614, 0.049277956423045506, 0.051617457463444795, 0.04755540116444108, 0.04389392305593037, 0, 0.04773641994293035, 0.04321050927398059, 0.046493773937242584, 0.047091999065567214, 0.04967545964315066, 0.04669750067552056, 0.04670634066294794, 0.047297834100767, 0.0474239857554321]
[0.04945016254066395, 0.04792513402269788, 0.04791596081701018, 0.04792755024141443, 0.04708066201766281, 0.05444904448720318, 0.045637744651814735, 0.05458200017289185, 0.04918574313926728, 0.050348864641479356, 0.04942168483448515, 0.050351292788003876, 0.04622989720731139, 0.05157832652465602, 0.04978380897914069, 0.04773641994293035, 0, 0.04852954158554855, 0.04922184878517321, 0.051067393934187535, 0.048564160239810986, 0.04988400542984726, 0.04926480518951444, 0.04808970750662534, 0.05224105629603914]
[0.04333331579240338, 0.04950985967463439, 0.05086854671431658, 0.0489034941786998, 0.049743681638638196, 0.047551963104039065, 0.048885769664132335, 0.04547876763789664, 0.05361593948685453, 0.0453978583008875, 0.04657730142569352, 0.050080023087619316, 0.04709230719474655, 0.04791755038628244, 0.04397073960532064, 0.04321050927398059, 0.04852954158554855, 0, 0.04166609278074828, 0.04993109644882958, 0.048231699957475234, 0.04708364104412119, 0.04706860343467585, 0.048593334648062814, 0.047285048273977524]
[0.04833340415416927, 0.04578529061043665, 0.04721169360188325, 0.04587984284943629, 0.04729536094086038, 0.05016567097602754, 0.04142225376182572, 0.04672869446636643, 0.047901306885030984, 0.04485653560836568, 0.04635726663827159, 0.04309711188729498, 0.05235849451924511, 0.04862091068714681, 0.05006781129999232, 0.046493773937242584, 0.04922184878517321, 0.04166609278074828, 0, 0.04752335031425798, 0.04528176458833242, 0.04685394075266737, 0.04531958297107364, 0.042354772570845155, 0.048498253945235666]
[0.04812196801998826, 0.05038770021405048, 0.049928760090664825, 0.04506005255236705, 0.05186331787067661, 0.050866809252033254, 0.0508130385386527, 0.04822197837713924, 0.054517800346839965, 0.048500728466403874, 0.04523684860151646, 0.050665174576889134, 0.04825457900471389, 0.05159665477748607, 0.04786011747124936, 0.047091999065567214, 0.051067393934187535, 0.04993109644882958, 0.04752335031425798, 0, 0.05632635070333729, 0.04740542473735093, 0.04913775111626293, 0.04697156855518225, 0.05435210910838939]
[0.051651669327174805, 0.047876415206852097, 0.050801806560326936, 0.052246430919590435, 0.049765294054370954, 0.05290715905912322, 0.046559556035296955, 0.04640047665909351, 0.054704750098367776, 0.05568119357879994, 0.0468499550240708, 0.04981757451298268, 0.04888707598382323, 0.050587498476426816, 0.04517789688655696, 0.04967545964315066, 0.048564160239810986, 0.048231699957475234, 0.04528176458833242, 0.05632635070333729, 0, 0.04678297278491851, 0.045301960742175844, 0.04942042598192486, 0.05709811387993251]
[0.042540320560524314, 0.04931589255764625, 0.049402347197259874, 0.045190935332526126, 0.04695808620045154, 0.05164418762242918, 0.04491012478132449, 0.04932859083635964, 0.04732976642032387, 0.04279185395469838, 0.04594898252723378, 0.04672169626486235, 0.045862142896079316, 0.04766370698940979, 0.04764538688359474, 0.04669750067552056, 0.04988400542984726, 0.04708364104412119, 0.04685394075266737, 0.04740542473735093, 0.04678297278491851, 0, 0.043178112038236266, 0.04349430777667023, 0.042614948056039194]
[0.0484065433048965, 0.050509499737538946, 0.05384652008631087, 0.047741488834032536, 0.045891725960219974, 0.04796509105578678, 0.0474316071114914, 0.047511611645486104, 0.05114594577174497, 0.05036547598912215, 0.0439534727149173, 0.047142639755030274, 0.0519911677003813, 0.04734006537748373, 0.04552015806111699, 0.04670634066294794, 0.04926480518951444, 0.04706860343467585, 0.04531958297107364, 0.04913775111626293, 0.045301960742175844, 0.043178112038236266, 0, 0.04515200425606869, 0.05068645533415932]
[0.04939066763032645, 0.04719723494524064, 0.048241212362205486, 0.04486290377136971, 0.04739936627459372, 0.050419266160650955, 0.04578898966492984, 0.051852930667211465, 0.0487473789060151, 0.05204374301327183, 0.04412982344077013, 0.046351745346309335, 0.05026644334344535, 0.053555152123724324, 0.04363414704074565, 0.047297834100767, 0.04808970750662534, 0.048593334648062814, 0.042354772570845155, 0.04697156855518225, 0.04942042598192486, 0.04349430777667023, 0.04515200425606869, 0, 0.04778048888195518]
[0.048709956101116086, 0.04889167705006039, 0.05259880575038221, 0.048459917737811345, 0.052559830223133645, 0.045950472944384764, 0.043803487240358006, 0.047843787245972706, 0.050967831425236254, 0.048900578483777095, 0.04637460154716894, 0.04918136751446676, 0.049577657847127775, 0.04860617679783356, 0.044111502280287276, 0.0474239857554321, 0.05224105629603914, 0.047285048273977524, 0.048498253945235666, 0.05435210910838939, 0.05709811387993251, 0.042614948056039194, 0.05068645533415932, 0.04778048888195518, 0]

Vecinos seleccionados para cada usuario:
Usuario 0: Vecinos [12, 2, 9, 20, 16]
Usuario 1: Vecinos [8, 7, 4, 22, 19]
Usuario 2: Vecinos [22, 12, 0, 24, 13]
Usuario 3: Vecinos [8, 11, 20, 12, 13]
Usuario 4: Vecinos [13, 24, 1, 8, 19]
Usuario 5: Vecinos [16, 20, 12, 15, 4]
Usuario 6: Vecinos [12, 19, 15, 8, 17]
Usuario 7: Vecinos [16, 9, 1, 23, 12]
Usuario 8: Vecinos [3, 20, 19, 9, 17]
Usuario 9: Vecinos [20, 11, 8, 13, 7]
Usuario 10: Vecinos [7, 16, 1, 14, 8]
Usuario 11: Vecinos [9, 3, 13, 2, 19]
Usuario 12: Vecinos [0, 13, 2, 5, 18]
Usuario 13: Vecinos [4, 23, 12, 9, 2]
Usuario 14: Vecinos [12, 18, 16, 3, 10]
Usuario 15: Vecinos [5, 12, 8, 7, 3]
Usuario 16: Vecinos [7, 5, 24, 13, 19]
Usuario 17: Vecinos [8, 2, 11, 19, 4]
Usuario 18: Vecinos [12, 5, 14, 16, 13]
Usuario 19: Vecinos [20, 8, 24, 4, 13]
Usuario 20: Vecinos [24, 19, 9, 8, 5]
Usuario 21: Vecinos [5, 16, 2, 7, 1]
Usuario 22: Vecinos [2, 12, 8, 24, 1]
Usuario 23: Vecinos [13, 9, 7, 5, 12]
Usuario 24: Vecinos [20, 19, 2, 4, 16]

Predicciones de valoraciones de usuarios:
Usuario 0 - Ítem 12: 2.62
Usuario 0 - Ítem 24: 3.38
Usuario 1 - Ítem 22: 1.95
Usuario 2 - Ítem 95: 2.67
Usuario 3 - Ítem 12: 3.25
Usuario 3 - Ítem 41: 2.96
Usuario 3 - Ítem 88: 2.98
Usuario 4 - Ítem 11: 2.73
Usuario 4 - Ítem 18: 1.84
Usuario 4 - Ítem 38: 2.47
Usuario 4 - Ítem 91: 2.63
Usuario 5 - Ítem 16: 2.96
Usuario 5 - Ítem 26: 2.82
Usuario 5 - Ítem 53: 3.34
Usuario 5 - Ítem 96: 3.65
Usuario 6 - Ítem 24: 3.05
Usuario 6 - Ítem 92: 3.52
Usuario 7 - Ítem 70: 3.06
Usuario 8 - Ítem 3: 3.09
Usuario 8 - Ítem 44: 1.4
Usuario 8 - Ítem 64: 3.3
Usuario 9 - Ítem 65: 2.33
Usuario 9 - Ítem 73: 2.89
Usuario 11 - Ítem 5: 2.55
Usuario 11 - Ítem 26: 2.37
Usuario 11 - Ítem 28: 2.28
Usuario 11 - Ítem 62: 2.11
Usuario 11 - Ítem 81: 2.1
Usuario 12 - Ítem 25: 0.87
Usuario 12 - Ítem 42: 1.38
Usuario 12 - Ítem 70: 3.36
Usuario 12 - Ítem 79: 3.4
Usuario 12 - Ítem 93: 2.65
Usuario 13 - Ítem 5: 2.56
Usuario 13 - Ítem 17: 1.68
Usuario 13 - Ítem 39: 2.82
Usuario 13 - Ítem 92: 3.64
Usuario 13 - Ítem 98: 3.15
Usuario 15 - Ítem 38: 1.99
Usuario 15 - Ítem 49: 2.2
Usuario 16 - Ítem 45: 2.22
Usuario 17 - Ítem 49: 3.85
Usuario 18 - Ítem 29: 2.83
Usuario 19 - Ítem 18: 1.66
Usuario 19 - Ítem 29: 1.81
Usuario 19 - Ítem 66: 3.16
Usuario 19 - Ítem 68: 2.42
Usuario 20 - Ítem 27: 0.87
Usuario 20 - Ítem 44: 1.66
Usuario 20 - Ítem 73: 2.41
Usuario 22 - Ítem 13: 2.6
Usuario 22 - Ítem 27: 2.27
Usuario 23 - Ítem 62: 1.8
Usuario 24 - Ítem 65: 3.13
