Matriz de utilidad con predicciones:
[ 2.809 4.309 3.096 4.281 3.292 1.814 2.385 0.632 3.315 2.851 0.979 3.614 2.985 4.434 4.06 0.344 1.252 0.352 4.952 4.621 0.175 0.125 1.579 3.01 2.162 ]
[ 2.281 1.313 3.766 3.074 2.332 4.182 3.447 3.282 2.46 4.735 2.162 4.164 4.519 3.633 4.509 0.903 1.39 1.984 0.946 3.543 2.756 1.559 2.191 2.756 3.487 ]
[ 1.76 2.95 3.991 2.567 2.86 2.314 1.016 0.298 1.171 4.962 3.094 1.094 0.845 0.37 4.234 0.574 2.692 1.444 2.12 2.05 3.081 0.957 1.94 2.912 2.444 ]
[ 1.865 3.37 2.964 1.533 0.277 4.743 2.883 3.848 1.2 2.949 3.24 4.705 2.487 4.236 1.461 2.874 4.661 3.312 0.194 1.684 2.047 4.108 2.2 2.233 2.692 ]
[ 3.848 3.18 2.54 2.324 2.349 0.828 2.033 2.012 1.982 4.685 3.083 3.094 2.766 2.462 2.381 4.025 0.57 0.931 2.43 0.396 3.639 4.827 2.05 2.428 1.358 ]
[ 2.376 4.643 1.234 4.0 2.087 4.461 2.112 0.107 2.59 4.454 2.418 2.548 2.948 3.12 4.345 3.659 1.448 1.196 2.142 2.17 2.196 2.147 1.236 2.957 2.254 ]
[ 1.609 3.284 4.143 4.91 0.353 4.098 3.987 2.31 4.039 4.628 3.333 1.999 3.675 4.834 4.557 4.072 1.439 0.741 1.278 3.433 0.149 1.336 0.515 3.93 0.835 ]
[ 1.523 4.484 0.616 4.857 2.213 4.7 1.681 1.942 0.155 1.89 4.804 1.458 0.242 3.256 0.417 1.716 3.631 3.249 1.419 4.043 1.37 2.85 2.468 0.288 0.114 ]
[ 0.964 3.248 1.031 2.464 4.486 3.31 2.3 2.693 0.085 1.562 3.83 1.183 4.497 2.321 1.461 0.523 2.15 0.061 0.146 1.98 2.928 3.274 2.916 3.944 4.92 ]
[ 1.416 3.11 4.181 1.314 4.041 4.529 4.884 2.779 3.839 4.924 0.072 1.167 1.574 0.927 1.716 3.7 3.867 0.97 4.303 3.483 1.89 3.8 4.223 2.66 2.44 ]

Matriz de similitudes:
[0, 0.10969661068286898, 0.10742271156357089, 0.08499125019020504, 0.09265859484987722, 0.12140317918669213, 0.10742214562858425, 0.09027128059140783, 0.0905984242856575, 0.09090221237703781]
[0.10969661068286898, 0, 0.11134779397570664, 0.11987290666433104, 0.10758240675726705, 0.12359067248841527, 0.12026540067002073, 0.08342605250079974, 0.10804580113251287, 0.09804864961052485]
[0.10742271156357089, 0.11134779397570664, 0, 0.09494962714562988, 0.11193298050717655, 0.1374357842155823, 0.09656135928234208, 0.09399332850324404, 0.10825505030030215, 0.10406667082967791]
[0.08499125019020504, 0.11987290666433104, 0.09494962714562988, 0, 0.10464318422193736, 0.10903983029879585, 0.10134042717488913, 0.10945096376979375, 0.10545135392315752, 0.10266523179723798]
[0.09265859484987722, 0.10758240675726705, 0.11193298050717655, 0.10464318422193736, 0, 0.13491475080542567, 0.09774354666430023, 0.08922751581255509, 0.10613270483921962, 0.100086451679856]
[0.12140317918669213, 0.12359067248841527, 0.1374357842155823, 0.10903983029879585, 0.13491475080542567, 0, 0.14281857771449294, 0.10485119347871413, 0.10707904525408557, 0.10293737445469175]
[0.10742214562858425, 0.12026540067002073, 0.09656135928234208, 0.10134042717488913, 0.09774354666430023, 0.14281857771449294, 0, 0.0842849445663596, 0.08237016165132205, 0.08888351231341618]
[0.09027128059140783, 0.08342605250079974, 0.09399332850324404, 0.10945096376979375, 0.08922751581255509, 0.10485119347871413, 0.0842849445663596, 0, 0.0967525378193288, 0.08502202662587086]
[0.0905984242856575, 0.10804580113251287, 0.10825505030030215, 0.10545135392315752, 0.10613270483921962, 0.10707904525408557, 0.08237016165132205, 0.0967525378193288, 0, 0.09395825338270056]
[0.09090221237703781, 0.09804864961052485, 0.10406667082967791, 0.10266523179723798, 0.100086451679856, 0.10293737445469175, 0.08888351231341618, 0.08502202662587086, 0.09395825338270056, 0]

Vecinos seleccionados para cada usuario:
Usuario 0: Vecinos [5, 1, 2, 6, 4]
Usuario 1: Vecinos [5, 6, 3, 2, 0]
Usuario 2: Vecinos [5, 4, 1, 8, 0]
Usuario 3: Vecinos [1, 7, 5, 8, 4]
Usuario 4: Vecinos [5, 2, 1, 8, 3]
Usuario 5: Vecinos [6, 2, 4, 1, 0]
Usuario 6: Vecinos [5, 1, 0, 3, 4]
Usuario 7: Vecinos [3, 5, 8, 2, 0]
Usuario 8: Vecinos [2, 1, 5, 4, 3]
Usuario 9: Vecinos [2, 5, 3, 4, 1]

Predicciones de valoraciones de usuarios:
Usuario 0 - Ítem 14: 4.06
Usuario 0 - Ítem 23: 3.01
Usuario 2 - Ítem 4: 2.86
Usuario 2 - Ítem 18: 2.12
Usuario 2 - Ítem 22: 1.94
Usuario 3 - Ítem 1: 3.37
Usuario 3 - Ítem 8: 1.2
Usuario 3 - Ítem 10: 3.24
Usuario 3 - Ítem 22: 2.2
Usuario 4 - Ítem 1: 3.18
Usuario 4 - Ítem 2: 2.54
Usuario 4 - Ítem 22: 2.05
Usuario 5 - Ítem 8: 2.59
Usuario 5 - Ítem 13: 3.12
Usuario 8 - Ítem 5: 3.31
Usuario 8 - Ítem 6: 2.3
Usuario 8 - Ítem 16: 2.15
Usuario 8 - Ítem 19: 1.98
Usuario 9 - Ítem 1: 3.11
Usuario 9 - Ítem 23: 2.66
Usuario 9 - Ítem 24: 2.44
