Matriz de utilidad con predicciones:
[ 2.809 4.309 3.096 4.281 3.292 1.814 2.385 0.632 3.315 2.851 0.979 3.614 2.985 4.434 4.36 0.344 1.252 0.352 4.952 4.621 0.175 0.125 1.579 3.25 2.162 ]
[ 2.281 1.313 3.766 3.074 2.332 4.182 3.447 3.282 2.46 4.735 2.162 4.164 4.519 3.633 4.509 0.903 1.39 1.984 0.946 3.543 2.756 1.559 2.191 2.756 3.487 ]
[ 1.76 2.95 3.991 2.567 2.29 2.314 1.016 0.298 1.171 4.962 3.094 1.094 0.845 0.37 4.234 0.574 2.692 1.444 2.36 2.05 3.081 0.957 1.79 2.912 2.444 ]
[ 1.865 2.58 2.964 1.533 0.277 4.743 2.883 3.848 1.22 2.949 2.73 4.705 2.487 4.236 1.461 2.874 4.661 3.312 0.194 1.684 2.047 4.108 1.13 2.233 2.692 ]
[ 3.848 3.53 0.94 2.324 2.349 0.828 2.033 2.012 1.982 4.685 3.083 3.094 2.766 2.462 2.381 4.025 0.57 0.931 2.43 0.396 3.639 4.827 0.2 2.428 1.358 ]
[ 2.376 4.643 1.234 4.0 2.087 4.461 2.112 0.107 2.77 4.454 2.418 2.548 2.948 3.27 4.345 3.659 1.448 1.196 2.142 2.17 2.196 2.147 1.236 2.957 2.254 ]
[ 1.609 3.284 4.143 4.91 0.353 4.098 3.987 2.31 4.039 4.628 3.333 1.999 3.675 4.834 4.557 4.072 1.439 0.741 1.278 3.433 0.149 1.336 0.515 3.93 0.835 ]
[ 1.523 4.484 0.616 4.857 2.213 4.7 1.681 1.942 0.155 1.89 4.804 1.458 0.242 3.256 0.417 1.716 3.631 3.249 1.419 4.043 1.37 2.85 2.468 0.288 0.114 ]
[ 0.964 3.248 1.031 2.464 4.486 3.47 1.99 2.693 0.085 1.562 3.83 1.183 4.497 2.321 1.461 0.523 1.96 0.061 0.146 2.97 2.928 3.274 2.916 3.944 4.92 ]
[ 1.416 1.79 4.181 1.314 4.041 4.529 4.884 2.779 3.839 4.924 0.072 1.167 1.574 0.927 1.716 3.7 3.867 0.97 4.303 3.483 1.89 3.8 4.223 1.71 1.31 ]

Matriz de similitudes:
[0, 0.2367276525808474, 0.12181680268855179, -0.42091911073678084, -0.1963743090231027, 0.33927861578642043, 0.3752905175399032, 0.02153421951288432, -0.10075629172585003, 0.03248236051139243]
[0.2367276525808474, 0, 0.2418777668986924, 0.17000426346725436, -0.08191365519533665, 0.22656023954837196, 0.44622274730976463, -0.243210009862165, 0.16082645814382215, -0.09980662008288013]
[0.12181680268855179, 0.2418777668986924, 0, -0.36855760688243894, 0.07269275607171184, 0.4153036519635081, 0.15787512911611704, 0.002341937722947724, 0.06016825686048832, 0.14760708234930783]
[-0.42091911073678084, 0.17000426346725436, -0.36855760688243894, 0, -0.07229829624214154, -0.11733073960359801, 0.12285942125693958, 0.2678406900988734, -0.0650679900197235, -0.037586397244808833]
[-0.1963743090231027, -0.08191365519533665, 0.07269275607171184, -0.07229829624214154, 0, 0.27088749427553327, 0.03255772051461206, -0.24897091371943947, -0.03734900838150185, -0.06519057788300603]
[0.33927861578642043, 0.22656023954837196, 0.4153036519635081, -0.11733073960359801, 0.27088749427553327, 0, 0.6043870248581101, 0.17296977927266557, 0.00800059455323475, -0.008016553164480236]
[0.3752905175399032, 0.44622274730976463, 0.15787512911611704, 0.12285942125693958, 0.03255772051461206, 0.6043870248581101, 0, 0.07579858009245745, -0.1720594269864079, -0.0074532104051489925]
[0.02153421951288432, -0.243210009862165, 0.002341937722947724, 0.2678406900988734, -0.24897091371943947, 0.17296977927266557, 0.07579858009245745, 0, 0.0880076382883248, -0.15874933997688664]
[-0.10075629172585003, 0.16082645814382215, 0.06016825686048832, -0.0650679900197235, -0.03734900838150185, 0.00800059455323475, -0.1720594269864079, 0.0880076382883248, 0, -0.11363678994892266]
[0.03248236051139243, -0.09980662008288013, 0.14760708234930783, -0.037586397244808833, -0.06519057788300603, -0.008016553164480236, -0.0074532104051489925, -0.15874933997688664, -0.11363678994892266, 0]

Vecinos seleccionados para cada usuario:
Usuario 0: Vecinos [6, 5, 1, 2, 9]
Usuario 1: Vecinos [6, 2, 0, 5, 3]
Usuario 2: Vecinos [5, 1, 6, 9, 0]
Usuario 3: Vecinos [7, 1, 6, 9, 8]
Usuario 4: Vecinos [5, 2, 6, 8, 9]
Usuario 5: Vecinos [6, 2, 0, 4, 1]
Usuario 6: Vecinos [5, 1, 0, 2, 3]
Usuario 7: Vecinos [3, 5, 8, 6, 0]
Usuario 8: Vecinos [1, 7, 2, 5, 4]
Usuario 9: Vecinos [2, 0, 6, 5, 3]

Predicciones de valoraciones de usuarios:
Usuario 0 - Ítem 14: 4.36
Usuario 0 - Ítem 23: 3.25
Usuario 2 - Ítem 4: 2.29
Usuario 2 - Ítem 18: 2.36
Usuario 2 - Ítem 22: 1.79
Usuario 3 - Ítem 1: 2.58
Usuario 3 - Ítem 8: 1.22
Usuario 3 - Ítem 10: 2.73
Usuario 3 - Ítem 22: 1.13
Usuario 4 - Ítem 1: 3.53
Usuario 4 - Ítem 2: 0.94
Usuario 4 - Ítem 22: 0.2
Usuario 5 - Ítem 8: 2.77
Usuario 5 - Ítem 13: 3.27
Usuario 8 - Ítem 5: 3.47
Usuario 8 - Ítem 6: 1.99
Usuario 8 - Ítem 16: 1.96
Usuario 8 - Ítem 19: 2.97
Usuario 9 - Ítem 1: 1.79
Usuario 9 - Ítem 23: 1.71
Usuario 9 - Ítem 24: 1.31
